2.1814 7.7475 2.8853 10.5569 10.2296 8.8118 2.9568 6.8426 1.9050 1.2070 5.9750 6.8692 3.6010 10.0532 8.9730 5.4504 5.0235 9.7844 3.6431 10.2162 10.3580 5.8809 9.2879 2.7084 2.6862 4.4596 8.7468 3.4020 7.7951 10.1589 5.4985 1.5810 7.6466 6.8646 7.6107 2.0036 1.1494 1.8429 4.7446 9.3196 1.7798 8.8474 6.5935 4.9184 5.3934 6.8784 4.6092 3.8624 8.7274 5.8032 7.2237 7.9536 10.5003 8.6594 4.6590 10.5581 3.2007 9.8076 9.7975 1.4665 5.2737 4.7393 4.6502 5.5500
3.9295 6.9391 9.5218 4.9770 10.2944 4.8099 3.4660 7.6681 8.5949 3.4917 9.5087 7.8072 2.8976 1.3779 9.8073 3.3867 10.2333 10.7665 3.0956 6.1868 4.5449 4.1297 6.9336 1.2151 3.7035 6.5676 7.2161 7.3028 9.4779 2.0625 1.6661 4.6490 4.9808 10.1036 2.6988 7.3345 6.4139 8.2140 8.6917 3.6821 7.1445 3.3868 6.1727 9.4734 5.8943 6.3489 4.2531 5.8262 2.3451 6.9938 7.0875 4.0164 10.9509 3.4557 3.3337 10.1414 1.0263 3.4601 9.0295 3.9009 6.0075 1.1817 4.2764 7.2101
1.9154 8.1899 6.2098 2.8582 1.3002 10.9837 3.8818 8.1888 6.3697 7.9799 9.6559 7.6874 5.7502 10.8051 10.4242 5.9894 2.5066 3.3777 9.2695 3.5325 10.0702 8.2669 5.2919 8.7795 10.8033 6.1015 3.6624 1.7279 5.1483 2.1975 4.6641 1.4192 7.9610 10.8341 8.5174 5.7320 7.6643 4.0473 2.1281 7.9402 2.9708 9.7939 8.7453 4.5309 5.2004 6.6052 9.6297 9.3833 10.5772 8.9373 4.7244 7.5849 3.6365 6.9944 3.6837 9.1033 1.9950 2.3747 10.1057 3.7868 10.5581 5.2174 7.5897 6.2231
10.0440 6.8262 3.5560 7.9620 8.2232 1.9945 8.3719 5.7979 6.2131 6.0766 5.6360 8.0877 4.5875 9.6788 4.5320 9.9974 8.2830 4.5517 10.8602 6.0134 8.2951 5.5747 4.8858 10.1850 2.5631 5.1414 9.6184 8.7497 5.6440 2.9537 6.3706 2.5255 5.5220 10.3319 10.5604 4.3235 2.6086 8.3439 6.2413 6.6663 2.4121 8.0103 1.2966 9.7938 3.9701 6.6073 4.3660 8.2868 6.1267 2.1829 1.1611 5.7030 10.2139 10.8363 3.8617 6.1614 3.6372 10.6319 1.4981 2.9573 4.8607 3.2254 4.2246 7.2655
5.2353 2.5856 1.3728 4.7591 3.0238 4.2389 1.4177 5.3280 2.0930 9.2865 7.2143 6.3274 7.3103 5.1158 9.8830 1.2420 4.1633 10.2632 6.9736 4.0582 6.0600 10.1463 2.9671 5.8136 6.7881 8.2604 8.4735 1.2405 2.2351 6.6978 4.1015 8.9975 5.1953 1.0492 6.8267 8.5146 8.6739 6.8443 3.1048 5.2665 10.8847 4.4272 5.1712 3.0052 10.7565 9.1316 5.5855 3.2675 3.6314 9.2887 5.1434 1.8018 9.5176 2.4443 4.5350 1.3401 5.4130 5.6962 10.7704 6.6181 1.9673 3.8560 7.7316 2.7159
7.8683 6.3981 6.3578 5.8270 1.6442 7.3718 2.1864 10.7446 5.6778 7.4385 10.8574 6.3813 4.3350 8.0095 4.6046 7.6216 3.5137 2.9276 4.1226 6.6214 9.0290 4.4789 5.8867 4.8888 4.1066 6.8210 4.0564 1.4962 6.2092 9.8175 7.9037 5.1354 5.6927 10.8922 9.6397 10.4632 5.8670 9.6413 6.5728 6.4493 3.2115 4.7408 10.9247 1.7450 4.2768 6.8726 6.9721 8.4643 9.0728 9.6700 7.3761 9.6112 4.3760 10.8477 10.6054 5.7433 1.0280 3.5472 6.6036 2.4812 3.6986 10.8088 7.5269 1.2500
10.3647 3.5857 9.3491 10.2942 1.4722 7.5551 3.2122 7.3013 4.4255 3.9944 4.9388 8.3173 2.8653 8.6193 1.3762 7.4710 6.2185 1.4680 7.8310 7.1991 6.0403 1.3031 8.7275 10.6326 10.2649 3.6748 5.5429 8.6887 1.8365 6.5682 2.5853 10.6258 4.7049 3.2085 1.9512 1.5339 9.9174 4.9203 7.6014 3.4153 3.5676 6.3617 2.1952 6.2961 7.9795 8.9587 2.0509 4.6284 4.0682 5.3541 9.2258 4.6002 5.0671 8.7801 8.0184 5.6230 4.8231 3.6044 7.1222 7.7747 7.2871 10.9423 3.0368 3.4521
6.8274 9.8508 10.6963 10.1135 8.0507 1.9008 3.8323 7.6370 7.2201 10.4911 2.9602 8.2371 2.4169 4.4294 9.7142 6.6478 10.9941 7.3163 8.9455 1.3877 9.6940 5.2512 5.2974 7.4675 8.8170 1.6031 9.3448 3.2794 7.8576 2.4787 3.8896 6.4914 4.4793 4.8583 9.9954 9.0183 7.8649 1.6437 2.6446 5.5476 5.0312 4.1892 9.1907 7.9018 8.5497 5.4287 3.7695 3.2568 3.0031 1.2322 2.5850 5.1918 6.4002 10.3464 1.5703 8.5815 3.9443 5.9078 7.5161 3.1943 8.6638 5.0392 6.3036 6.8736
9.2588 7.2530 2.5292 1.6400 4.1132 6.7085 5.7821 7.8867 1.9601 9.1286 8.3065 10.4704 6.2780 10.6404 8.8554 3.6165 10.1215 7.1331 4.8500 6.8462 2.0400 5.6302 6.0822 3.4734 6.2548 6.2009 4.1736 1.6179 2.7322 6.9457 1.2607 4.6340 2.7155 9.1479 9.8485 7.0739 10.1944 8.6568 6.7534 6.4877 3.0864 10.3763 3.8171 1.3780 10.9078 8.5380 1.9784 3.7664 9.0779 5.3635 3.6431 2.2967 7.8580 2.0165 7.0070 3.8741 7.1685 7.5236 6.2489 2.7816 4.8747 5.7746 4.8502 6.9344
9.6540 6.5387 9.9599 3.3274 5.4974 3.4295 3.5774 6.1225 6.6253 10.3126 8.0574 1.6208 1.4189 10.3025 1.5266 1.0106 7.6326 2.4312 8.7798 7.4222 5.0835 1.2245 1.6088 7.6243 2.9894 8.9153 9.5374 9.6757 6.3454 1.5037 5.8686 7.4386 6.5968 3.2479 6.6828 9.3672 9.4663 8.7819 6.8687 4.0213 10.4853 5.2913 7.7551 4.5965 8.8619 8.8449 10.1628 5.3383 10.0118 4.8921 7.8231 8.7412 1.8750 4.2566 8.9761 6.5260 4.8295 2.9249 4.4164 9.2275 1.5263 8.9197 2.3744 10.2935
3.1296 7.9946 3.3783 9.8963 1.3029 7.8959 8.3679 7.3717 3.4332 10.8425 4.8318 9.2877 3.1838 5.4715 5.2697 3.4030 1.0448 4.4144 9.6002 6.0290 6.8847 5.2696 5.0731 7.1262 2.1859 3.0623 6.0795 5.8338 3.3191 6.4859 3.6695 10.1375 1.3938 8.9619 8.3221 1.8919 6.7559 4.0414 5.9248 9.9711 1.6627 1.2950 1.7313 3.7286 9.0579 10.8485 8.3231 9.0808 5.4550 4.1459 8.2356 8.9349 4.9705 7.9553 8.0808 4.5040 9.4643 4.5457 5.1405 5.8746 4.0271 2.2579 4.6151 2.4233
2.0778 4.3681 4.0503 4.4100 5.4356 7.8593 3.3253 5.5269 1.3067 3.4644 9.6782 8.0889 7.5352 4.2335 10.1589 7.2638 4.5791 4.4223 7.5137 2.9739 10.1098 2.9047 8.0683 6.9456 10.4644 2.9249 5.1961 8.7534 9.5615 5.7045 8.5642 3.6671 9.6467 6.7778 4.6877 6.3393 4.7251 9.5655 2.0766 2.6831 9.9154 6.8154 2.9205 8.0363 2.2452 7.0176 5.2489 10.4755 9.6535 6.9951 7.5093 4.3288 6.3165 5.2087 6.9931 6.0307 3.1191 10.3617 7.7584 9.3442 4.2301 9.3362 7.3116 7.1090
3.8583 5.4393 5.2880 7.9744 1.0753 1.0236 3.8153 1.4229 2.8096 3.7795 6.4374 10.2140 8.3856 5.4977 9.2061 1.5453 9.2136 1.5476 3.8844 4.4470 8.2246 3.8596 4.3462 5.2504 6.0412 9.9787 1.2296 7.5390 3.5251 4.2593 2.8292 8.0430 10.8771 9.3690 2.7537 7.3426 3.2466 9.4166 10.6549 4.6256 6.7597 6.8744 7.1754 1.6667 7.9243 8.4912 6.3344 10.1476 5.3086 6.9196 8.5140 9.4040 4.1655 9.8951 6.0581 10.7678 1.6974 6.8201 8.1677 1.9716 5.2837 8.8524 8.3644 3.2435
5.4334 4.1757 10.1960 1.0656 9.8625 5.3400 7.2718 2.7643 5.8860 7.0946 9.5930 1.3899 4.9841 9.4675 1.1698 2.0542 5.7278 5.5489 9.7840 6.0603 1.6685 7.9460 6.6952 7.4006 6.6088 9.8379 8.9935 1.0931 4.6319 2.5740 2.6394 5.6310 9.1315 3.3570 9.0028 4.6543 2.6419 7.9230 10.3724 9.2334 2.2122 5.0804 8.5000 5.0295 9.8174 5.1215 10.2388 2.9084 4.0806 5.9819 8.7020 2.5264 1.0073 8.7718 7.7407 4.1607 7.3602 7.3182 2.9650 9.2903 8.8440 4.9101 6.0736 4.7900
8.4960 1.8433 1.1988 6.0560 6.3425 8.7178 8.6095 3.9157 8.5709 2.3357 7.6934 2.2780 10.6843 4.7880 1.5051 7.3922 10.1150 6.7233 5.8912 10.4545 3.4058 2.0558 10.1339 10.2689 3.8506 5.2207 5.1665 9.9562 4.4368 7.1243 4.2233 10.7602 6.0228 8.6780 1.5161 10.8918 4.0464 4.4600 5.9734 7.0500 10.0684 9.1751 8.0758 10.9037 4.0175 4.6899 6.2210 9.8949 8.4650 6.5738 3.9826 10.1659 4.8969 7.7724 1.1411 3.6551 9.5352 4.8057 2.2240 6.0206 4.2647 3.4131 4.6257 10.0462
4.3215 7.0136 1.0453 3.2995 9.8584 10.6846 2.7764 1.1085 8.2765 5.4410 3.9327 9.0521 6.6989 6.7851 1.3393 5.4164 5.9444 2.6362 8.7167 10.2852 3.4350 8.6522 3.8629 10.9519 5.8713 3.3969 1.7442 7.7503 10.6668 2.2018 1.5401 7.9661 10.0529 5.0445 3.8067 7.6168 7.1148 8.5063 5.1214 5.6004 9.5606 1.8955 2.0508 3.2889 3.9739 3.4468 7.9902 10.8245 9.7059 9.0089 6.4174 9.3018 9.2582 10.5748 6.3058 4.6118 4.7480 7.9228 7.9826 6.1205 1.3827 1.3787 7.2072 4.5836
6.9059 8.2076 2.9653 4.4236 6.3294 4.3239 4.1272 1.0263 9.0725 9.7069 2.7477 1.4599 9.4083 3.7521 6.7778 6.1822 10.1296 5.5844 5.9773 9.4041 3.5664 4.7802 9.6051 4.7552 4.5797 2.5366 2.2937 3.8161 3.8066 10.0556 8.3139 4.4073 5.7752 10.1331 9.4672 2.1458 9.8139 2.6784 2.0850 2.9605 8.2350 8.6419 4.9669 7.6766 9.3940 2.8215 9.6818 1.0484 7.3926 7.3331 7.8474 3.0667 8.2087 7.1051 7.1191 5.3827 9.9063 6.9215 6.2304 8.4918 8.9679 8.4707 2.8850 1.0526
3.8088 2.4750 2.0838 2.6239 3.4661 3.2274 10.0910 5.0686 5.6608 10.2207 10.5340 3.2654 9.3931 1.4635 4.7569 4.4272 4.0068 6.6240 7.6512 2.0845 9.4681 5.4559 9.5888 5.3333 3.7037 1.9403 5.6369 4.3203 7.4135 8.2747 9.5435 10.3350 5.9033 5.7808 2.1633 5.2991 9.9893 9.6883 1.4978 3.2131 2.3687 10.7430 7.3090 9.6596 2.5993 3.7014 3.9507 2.6207 1.1565 1.9800 5.8804 4.2632 4.3073 2.7211 3.9857 10.9111 6.4170 8.8965 2.4795 9.1419 5.8614 3.2572 3.6292 8.7589
1.0867 2.0946 3.0126 9.7164 9.4913 8.4688 7.8555 9.9612 3.8999 3.8453 10.5347 10.2078 9.9125 2.0385 1.2228 2.1037 10.5170 8.0306 5.3985 1.0044 8.9666 1.4280 7.4825 9.1396 9.4874 5.2453 2.8019 6.7425 7.5289 1.0060 2.5051 1.5972 1.0023 9.9357 6.2247 6.8287 7.6447 7.5158 9.4346 2.2284 1.0762 4.2327 2.6081 2.0734 4.7384 9.0325 3.2673 8.5006 2.1970 9.5587 9.5811 8.7369 1.8448 10.8774 4.7392 4.7602 2.9376 2.7175 1.7028 5.9690 2.9766 7.6642 6.3329 6.1430
4.9179 9.3016 7.9786 3.0840 4.8184 1.1444 1.1077 1.9649 2.3206 3.0983 1.5712 8.0014 1.0412 6.2208 2.0024 10.0273 6.5893 1.2322 1.9076 5.7292 3.8729 10.8208 4.9607 5.0518 6.0350 4.4240 9.9131 7.5089 3.8024 5.2454 8.4753 7.9196 3.0096 5.2752 1.8813 2.7357 7.4290 2.3976 9.5492 6.3947 8.0022 2.3485 7.7567 9.9042 6.3761 1.0476 8.2548 10.7082 1.6251 3.6709 9.5802 10.5917 7.7424 1.1081 8.4911 9.1793 7.0702 5.9555 5.7556 3.9099 6.9909 7.7513 7.1437 3.6804
9.5224 8.1556 1.5425 7.3499 3.8317 9.3509 9.9949 10.5473 6.9534 10.1998 8.7839 8.0400 9.4133 5.8912 8.8558 1.1581 10.1038 2.9650 1.1548 6.1331 5.0858 3.0464 7.9714 7.3359 2.9079 10.0923 10.8831 6.8615 4.3399 3.1232 5.7959 9.4373 1.4453 8.1892 4.1635 6.4152 1.7010 9.4306 8.1251 1.7992 6.0568 8.9791 9.9615 9.1079 10.9881 7.3375 3.0202 6.4298 10.9158 1.7924 10.8022 9.6837 10.8650 10.1110 8.0955 2.3023 2.7130 7.0475 8.5361 6.0010 8.9681 10.2910 2.0533 1.0396
7.8211 10.0730 1.7953 7.4665 3.0918 2.1647 5.7562 5.1966 3.1213 5.2979 2.9624 10.2961 2.1112 3.7399 4.2801 7.9194 6.8211 4.1834 1.5158 10.5179 2.2891 4.7767 9.9635 5.6707 10.4128 6.5850 3.5821 7.5979 4.3287 6.1893 3.6560 7.8483 7.8971 6.9174 5.2030 3.5141 10.4780 1.8941 1.9628 10.2224 4.2756 2.9487 8.9965 3.5204 4.7563 4.5327 7.0779 2.9045 3.9451 1.5068 5.9107 10.1055 10.0312 9.0478 1.7808 9.7318 10.3002 8.7977 1.4039 8.2740 6.5068 6.8769 8.6681 2.3878
7.7671 5.3544 7.4246 8.6001 3.3715 5.6640 9.5531 3.4752 6.2423 6.1466 1.7795 2.6811 1.4421 5.1239 5.0627 10.0693 8.5332 3.7246 10.2593 9.4850 10.9840 5.5508 1.5963 7.7074 1.1190 2.3338 1.8014 7.2044 4.9583 3.0829 5.2538 5.9738 5.7145 3.2714 5.0399 3.4648 2.1488 10.8045 8.9388 4.1515 3.2374 1.6540 7.6007 9.7529 10.4035 4.8162 2.3535 2.4681 7.0682 10.5715 1.4899 7.4402 8.9682 6.5109 8.2756 5.6241 2.0064 6.5507 7.7256 3.8916 2.0629 6.7083 2.4913 9.6082
1.8402 4.5215 7.3924 3.3438 2.5984 2.1371 3.0271 8.3051 9.3099 1.9243 1.2104 6.5452 5.8293 1.1105 9.4198 7.5887 10.4877 3.9829 1.4760 4.5894 9.6176 5.1890 1.4085 6.7675 7.9237 4.1405 3.0456 3.6385 1.5283 4.1864 2.6226 8.5458 5.4412 6.9394 5.1550 9.3251 10.6402 3.3873 1.1142 4.2417 7.5613 3.2023 7.4084 4.3682 1.9618 5.5754 3.2214 4.1169 1.2940 4.1196 7.1315 6.6020 6.6793 10.4463 4.6666 10.6300 3.0552 10.2763 8.3036 3.8549 9.3761 3.5229 2.7638 10.0565
1.6423 1.5319 8.8252 3.7014 1.6734 9.3551 5.2033 2.6067 1.8569 7.4891 5.1103 5.6320 10.5347 9.7086 1.6892 1.8220 3.4874 5.2350 5.9460 6.2402 6.3083 5.4545 5.6626 10.3495 5.8774 1.2868 9.2486 6.7875 9.3616 5.9266 5.5650 1.0284 3.7247 2.9252 6.9739 10.1861 5.9351 8.1375 6.1515 2.2234 8.5612 10.7628 4.6486 9.7622 5.9835 4.6342 9.0874 10.1990 6.6811 3.2719 2.9019 5.3028 1.4101 9.6036 5.6588 4.4962 4.3964 3.7579 8.9663 1.2090 4.4191 3.0749 8.9092 6.6355
2.4413 8.3894 6.6862 1.7141 6.5141 7.4609 8.4501 8.0837 7.9074 8.6152 8.9745 10.2568 10.5092 4.1662 4.5068 4.1635 1.3106 6.5124 6.7468 6.3924 8.1541 1.7901 2.3859 5.6133 6.0971 8.2328 10.4305 9.0691 4.8493 6.7125 4.7016 3.2106 3.9710 4.6123 9.8971 8.6047 6.2524 5.8845 9.3235 8.6293 9.2989 2.7788 3.4608 6.2238 7.3743 1.1296 5.7962 9.0154 7.6812 1.2057 3.3633 2.8564 5.2946 10.2407 3.8836 10.1304 10.7151 8.0811 3.9229 1.0347 7.1460 3.8694 7.3235 3.5493
2.0241 6.4434 5.6445 9.9956 5.3100 5.7400 1.3119 10.9369 7.1381 10.8449 2.0831 10.4363 8.6565 9.1336 4.8813 6.6903 10.9702 9.3157 4.3434 3.2226 10.2440 6.9831 3.8646 10.7372 10.2428 2.5667 8.8680 9.6476 1.1547 10.9811 7.7648 6.9254 8.1136 4.3132 5.8784 2.3132 6.7114 4.8053 1.3589 8.5103 10.5188 4.5881 5.1841 3.1883 9.1822 6.5827 1.1971 1.6525 10.9312 6.8109 10.4293 1.4514 6.2330 9.3109 8.5247 4.9740 2.1784 1.9438 7.6606 5.3478 10.0579 1.3165 5.5470 9.8520
10.4475 6.6234 10.8436 8.4678 8.9816 7.7623 7.5387 9.6276 10.3102 8.0195 7.4256 8.6759 7.6779 5.5774 6.3161 8.4585 4.3346 7.0588 2.4413 9.7980 9.4941 7.6150 1.8076 4.8261 6.7779 5.5829 9.0847 5.8038 10.0493 9.1651 5.0406 1.5954 3.9113 2.8355 10.7191 9.6719 1.6205 2.4656 6.9833 9.6866 5.9004 3.2907 3.4574 9.4029 7.4997 9.8385 3.1520 8.8326 2.7770 3.6542 6.5554 10.2936 2.2845 1.1797 5.4713 5.3956 5.3454 8.3526 6.2968 7.5327 4.2372 10.3773 7.2893 2.8172
4.1065 7.0533 2.3958 2.3296 8.0575 6.4098 3.8728 1.4924 8.8836 8.3744 5.0902 9.1556 10.1995 5.1823 9.1310 5.1432 5.4982 6.7845 10.7780 7.8945 1.6847 8.3942 9.7366 8.9816 5.9865 2.4787 7.5837 9.0677 9.8425 4.6559 9.7472 4.5347 8.6745 10.4260 3.1507 9.6122 5.6308 2.2882 2.6372 7.1945 8.3896 7.8156 4.4900 5.6692 1.7033 6.4121 8.0919 9.1423 1.7772 3.2307 8.9833 8.8745 6.4224 9.3623 6.6621 8.4682 2.3684 7.3508 6.9650 8.7613 2.5642 3.7253 9.8902 10.4157
5.7471 6.9972 9.7838 9.6537 1.8347 10.7724 4.9190 3.7628 2.2637 3.8555 2.1282 7.1235 4.5246 7.8826 5.8577 7.2271 6.2801 5.4718 1.2429 6.0409 8.2038 5.8206 4.4026 4.7411 5.0758 4.0535 2.7926 8.2265 4.2472 1.0042 2.6422 1.3932 2.9780 3.7506 4.9528 2.3552 5.7742 6.9639 5.6407 10.4158 8.8183 2.0979 5.4039 6.9583 7.6629 9.5773 4.3244 6.4729 9.0211 9.0811 7.2545 6.3596 2.9102 1.7037 1.0252 10.7512 6.1867 7.4855 4.2144 6.9132 8.8765 4.7741 7.1531 4.2229
3.6721 4.0779 6.9916 3.4210 5.2086 7.4617 8.8651 6.2414 10.0970 1.9163 7.6450 6.8407 3.6409 3.2582 6.0518 9.1778 8.9432 1.6243 5.8408 8.7902 5.2919 9.2515 7.2836 4.6204 10.6067 3.7973 7.6901 10.5377 9.0218 4.2238 7.0226 10.7366 2.1754 10.9582 1.5004 5.8126 10.0369 4.9772 1.9564 3.5612 8.5207 10.0581 9.2137 1.3605 2.3434 7.7483 5.0007 1.6914 9.2029 3.0332 6.8121 5.6291 10.4883 8.9369 2.7951 2.2726 5.1476 7.7797 7.5192 7.6205 6.3010 10.7248 1.7154 6.0201
3.1694 6.9782 10.5746 5.7290 10.1168 3.2068 9.5236 9.3506 9.9766 8.4144 2.3837 9.0158 7.3407 4.7928 10.0540 10.8109 3.6533 1.1681 5.7568 6.7261 2.0897 2.2287 9.7614 5.5226 5.7835 2.1535 6.4044 6.6982 10.6340 3.7716 1.0992 6.1503 7.2794 4.4912 3.5734 3.8654 10.3202 7.7490 8.4697 4.6787 2.6145 9.6486 1.4010 5.4339 10.5825 4.7706 10.3418 9.1398 3.9217 8.8768 3.1653 9.1278 4.4501 10.8922 1.1825 5.7119 7.8673 1.9836 6.9885 4.4973 4.0506 8.9863 9.8299 5.2938
