5.2100 7.6308 8.5095 3.0037 9.0802 6.6011 6.6267 10.4791 1.7850 10.5869 9.5017 2.5827 4.1185 7.5325 6.3059 1.0384 10.2371 3.1877 9.7559 4.9769 6.0923 9.4824 6.7318 7.6967 6.9006 5.6779 1.0719 10.4517 3.4595 5.8298 5.5111 3.7836
9.0512 6.9300 9.2792 8.4776 2.5884 8.6643 8.4342 7.9994 10.5345 10.5383 6.1750 4.0261 3.3230 8.8252 4.8226 6.9550 6.7182 10.8472 4.2331 2.6324 3.3255 8.0661 1.4474 1.2501 2.2389 8.6765 7.0153 5.3981 6.7974 1.7645 10.7999 8.2542
7.6982 3.6867 7.5386 8.2216 3.0582 3.4004 4.3186 6.9423 6.3446 1.1945 7.2070 7.0934 9.4639 3.8298 10.7210 1.6976 7.3506 3.3283 4.3090 8.5106 7.5908 3.3897 3.7070 7.6106 1.5369 4.1488 6.8271 9.7329 3.9640 8.0164 7.4644 1.8355
3.8695 1.8715 2.5440 2.0953 10.0111 4.5613 3.8018 3.4769 3.7299 3.0146 6.1183 8.6040 4.1088 4.2944 6.2425 3.1101 5.8053 8.9198 2.2079 5.2760 5.9522 10.9143 10.5656 3.5099 3.0887 7.3709 1.9803 3.7692 8.0848 10.5968 2.8289 1.3558
9.3968 5.9153 7.4203 2.7422 4.9253 1.4317 2.6151 4.6430 9.2474 8.5983 10.8356 10.7144 9.6616 10.8696 5.3726 1.1041 8.9755 3.2670 6.6293 5.2353 6.8220 9.4504 1.7261 6.3544 6.6230 2.6720 7.1585 10.8162 9.1600 5.6167 1.7915 6.4319
1.9535 9.2147 4.6936 1.8352 4.5415 6.9524 8.1027 7.4248 10.1586 5.5735 5.9717 1.6989 6.9049 3.4866 4.1658 8.0634 4.8150 8.2799 6.3239 7.8665 5.5919 9.2943 6.5079 6.1321 1.1758 10.0793 9.4955 5.1343 5.3318 1.5428 1.6137 10.8123
4.5048 9.3762 3.9005 4.1279 6.3117 6.9560 10.7212 8.6068 1.1707 6.8063 1.8554 8.8679 5.1779 1.8202 10.6218 8.0979 1.3325 4.0550 6.9517 8.9725 6.7738 9.1712 5.7306 4.2697 6.2435 3.0164 10.6273 3.5604 8.6146 1.8577 3.4570 4.3385
6.1443 4.2195 2.4873 8.4615 2.9715 8.4080 10.1887 3.7715 1.7999 10.6952 6.9224 2.9419 6.4870 4.8349 1.5699 1.9413 7.6139 3.0295 8.5124 10.4144 6.7213 8.4156 10.1368 2.3690 7.9996 2.1825 1.9888 10.1859 5.1288 9.2380 10.2709 2.9724
1.8912 8.6885 1.9849 4.8418 10.0506 8.9415 5.0986 7.2501 5.3465 1.6561 2.3367 3.7989 1.1022 4.1643 3.8437 7.4433 3.5378 8.1812 6.6372 5.7689 1.8690 2.6593 5.1337 2.1113 2.8345 8.5645 3.6378 8.1579 5.5243 9.7303 9.3894 1.0238
8.2832 2.5448 5.4464 5.0216 4.3158 6.7542 9.6961 10.9104 4.1500 2.8187 3.6999 1.8362 5.0769 8.3402 5.4547 3.3653 2.9317 4.0205 5.4323 10.0275 3.2598 4.2861 9.9006 4.8922 3.4774 7.3683 10.9582 8.9450 9.3104 4.8640 9.2570 4.0120
10.2028 2.0993 2.3207 4.0238 10.1196 10.8504 10.1124 10.3350 3.9814 9.3650 5.7841 5.1067 8.9228 4.0104 9.3227 4.2511 9.9662 6.4143 2.4009 3.9817 2.4511 8.7235 10.4045 6.9629 6.3042 2.8942 2.4806 3.5704 10.5537 3.0538 5.0616 10.3311
1.2957 8.1290 9.9537 6.7801 9.3351 8.4221 10.3490 1.5629 7.8441 7.3582 2.3699 1.4797 6.1802 4.4151 1.0807 10.0080 7.7734 9.4747 6.1338 9.2795 3.9987 6.5183 1.9591 5.6807 4.2930 3.2647 8.8632 5.6186 4.1861 4.5271 9.6551 10.8357
3.1704 3.5261 7.4447 4.7654 4.2937 8.4316 9.5456 8.4252 10.5369 7.4845 6.0992 5.7946 5.1448 5.1955 1.7276 6.1696 8.4162 7.5062 9.6812 1.7169 8.3357 8.7580 4.0249 9.0641 7.5024 8.2167 7.5503 5.6059 1.1454 4.5468 7.3497 5.2958
8.8602 5.3688 10.0399 7.3681 5.5005 4.8501 8.5604 10.2591 10.6081 4.9970 1.0015 10.8330 8.2242 6.5049 4.0982 9.2046 9.6751 7.5004 7.9741 7.9322 8.6455 3.3156 10.8509 6.2942 2.4498 10.8677 9.3212 4.5061 2.7675 8.8271 3.0485 4.2478
4.9229 7.1888 7.8230 10.4323 6.7287 10.8535 9.8895 4.3866 5.1721 6.8428 7.0903 8.2551 3.2501 10.1550 6.3972 2.6553 2.8422 2.2291 8.8740 10.1137 2.4356 2.2195 8.4660 5.5420 6.4786 4.5952 1.4985 9.9848 10.2123 2.8519 10.0149 3.2055
4.2816 9.1260 7.6778 3.7859 8.4411 8.3490 1.3777 8.7752 2.0562 4.7181 4.9037 8.6208 3.0359 10.3309 5.3143 10.6320 8.9821 2.8081 8.5383 5.9107 2.6620 9.8917 4.3537 7.1054 1.8318 7.2619 5.0192 8.8776 7.6179 4.5192 3.4584 2.0390
