2 12 12 13 6 4 3 16 4 16 16 15 3 6 2 16 2 12 12 8 16 3 16 7 4 5 15 16 4 13 7 16 12 15 10 16 13 11 12 7
2 6 8 8 4 15 14 15 4 6 10 9 10 2 4 14 11 6 6 3 4 16 16 8 3 12 2 5 13 7 7 3 15 6 11 12 9 15 4 8
8 8 3 4 11 12 13 6 5 4 6 16 4 10 4 14 10 7 11 16 10 7 3 5 11 6 10 16 10 9 12 12 10 3 4 15 8 6 5 7
13 16 7 2 13 3 7 14 2 16 2 16 11 15 10 13 11 9 12 16 5 10 5 10 16 15 10 4 8 9 11 14 4 12 15 15 14 7 4 6
14 14 11 5 12 9 3 4 16 5 4 6 11 13 12 4 9 12 5 6 5 6 2 11 5 5 14 8 4 14 3 10 14 15 11 13 2 8 9 13
15 6 11 14 9 2 6 11 5 12 10 13 15 4 2 16 11 4 14 15 6 14 11 8 10 8 15 3 13 6 16 5 11 12 10 9 14 5 8 12
14 11 12 12 5 12 7 13 3 16 8 8 3 10 16 12 11 10 14 4 11 2 10 4 9 16 3 12 14 12 15 5 8 16 9 8 11 4 7 6
12 10 10 7 7 7 7 10 10 14 2 3 10 7 9 3 3 8 11 12 11 12 2 7 10 12 13 5 4 15 9 5 16 16 6 8 7 3 2 6
2 7 7 10 3 8 11 13 15 8 4 2 8 11 12 10 15 15 11 15 11 6 12 15 13 13 14 5 15 15 7 5 5 2 10 4 8 13 3 13
5 9 7 3 12 5 4 6 5 2 4 12 6 5 14 6 3 6 2 6 13 13 6 11 14 13 14 6 6 7 3 15 9 4 3 9 7 16 14 16
13 8 9 2 13 11 6 3 7 9 15 11 11 3 9 15 10 16 11 11 10 11 14 3 4 8 7 7 15 15 4 6 7 14 16 7 10 15 11 8
6 5 9 4 9 4 3 12 11 4 15 8 6 5 5 14 3 10 11 12 15 16 8 11 8 16 14 6 6 12 5 8 4 13 11 2 14 2 3 5
5 15 6 13 7 2 3 4 12 13 16 10 7 4 3 16 3 4 15 8 10 9 12 15 16 2 11 15 13 7 9 16 6 11 10 9 13 14 6 16
10 15 12 10 5 6 11 12 6 6 15 13 10 7 4 8 11 8 10 16 14 3 7 10 16 9 3 2 11 4 16 6 14 16 15 8 13 14 13 11
2 13 6 6 12 9 11 14 12 8 8 11 2 8 11 5 3 6 9 6 9 14 9 3 5 5 16 13 16 7 3 6 4 10 9 14 9 7 9 11
4 5 8 2 9 2 6 5 2 16 14 12 5 6 10 14 6 12 14 4 12 9 10 3 7 7 12 3 7 10 12 2 8 2 13 3 13 4 5 13
4 8 12 10 3 16 12 14 16 14 7 10 12 11 14 3 2 13 15 3 3 16 15 8 9 14 12 15 16 16 6 11 16 11 5 5 10 7 13 6
5 4 13 7 3 10 10 11 8 2 15 13 2 11 6 16 2 13 15 10 4 14 12 13 4 15 4 6 14 12 10 11 14 12 6 3 9 5 6 9
6 8 11 3 7 7 5 9 12 14 14 9 2 15 7 15 7 11 5 4 6 11 10 4 10 15 10 15 13 8 3 8 10 12 11 16 2 16 15 11
13 15 6 11 5 15 11 14 16 16 15 14 10 14 10 7 4 4 8 8 12 8 15 12 4 12 15 13 10 13 2 16 7 4 6 6 4 11 9 11
6 11 2 16 12 9 8 13 3 10 6 14 6 11 6 5 2 15 16 2 11 13 9 4 14 6 15 10 10 10 4 14 14 2 10 12 7 2 8 10
5 15 6 9 9 11 15 4 13 11 14 15 3 9 7 15 16 9 13 13 5 2 5 5 8 14 16 15 5 14 7 8 2 5 6 3 7 13 5 5
3 3 7 6 3 11 16 6 10 12 2 4 14 7 12 4 12 8 10 15 6 16 10 10 12 7 4 8 14 5 9 9 16 11 2 11 10 5 10 9
9 3 11 6 6 15 9 9 12 4 5 4 11 5 12 5 8 10 4 10 9 14 8 12 7 6 4 12 10 15 12 15 8 13 2 2 12 4 16 10
8 4 4 6 12 16 9 15 4 5 11 10 12 14 8 9 12 5 5 13 10 2 12 13 10 16 15 11 16 14 11 16 10 9 12 14 9 16 7 3
7 15 16 4 13 7 8 6 13 13 11 7 15 7 8 3 11 2 14 11 3 13 14 16 11 12 5 6 8 5 5 14 5 5 16 7 11 2 16 4
6 2 9 14 4 10 2 16 7 2 5 14 5 10 5 6 11 14 2 11 6 6 11 9 4 6 14 3 6 11 13 13 14 2 14 10 9 3 10 7
9 9 2 15 2 15 11 15 11 13 9 8 2 7 8 5 13 8 5 15 12 10 9 11 16 8 13 16 15 11 11 2 7 7 16 8 7 8 12 5
5 13 15 12 10 6 3 9 7 8 12 11 2 11 16 16 2 15 8 9 5 8 7 2 14 11 10 11 7 15 6 12 13 14 16 8 15 15 16 12
16 8 9 7 2 11 14 10 2 4 15 15 4 15 9 7 9 4 11 8 15 14 14 14 3 5 10 4 14 8 6 5 4 8 14 3 11 6 12 8
8 2 14 16 9 2 14 3 8 13 2 14 2 16 16 13 4 9 8 4 13 3 6 14 11 2 4 16 14 13 15 10 8 13 16 2 2 16 2 7
7 6 12 13 10 13 8 5 4 10 10 12 11 13 16 11 3 13 6 6 9 12 11 5 15 6 8 7 6 16 4 3 10 14 14 9 9 2 4 15
6 5 15 15 14 7 9 15 12 3 8 5 7 2 14 10 8 12 7 11 9 13 12 2 9 7 7 12 8 7 13 6 12 2 16 11 13 7 9 15
14 3 14 12 11 15 14 8 16 4 14 11 6 11 8 9 2 7 16 14 13 8 9 7 13 5 9 10 8 11 5 4 8 15 9 11 13 10 9 8
3 10 14 13 8 9 16 11 3 9 8 2 16 4 2 16 16 5 13 15 2 12 10 5 8 8 5 12 7 16 3 6 12 15 13 14 6 2 5 10
11 15 13 13 4 10 16 3 12 6 14 8 2 11 14 8 15 15 13 5 6 13 4 10 15 7 6 15 12 7 16 15 3 4 8 16 13 6 16 10
8 14 14 16 10 11 12 14 8 2 12 2 11 16 5 16 6 6 13 9 2 5 3 13 6 3 8 10 12 15 5 13 3 3 7 8 12 7 4 4
7 7 15 7 16 11 15 14 8 6 2 16 6 2 8 6 12 13 9 16 8 12 12 8 12 7 15 7 15 10 11 16 12 10 2 5 3 10 11 4
10 14 7 10 7 7 4 12 16 8 3 13 16 6 15 14 12 6 6 4 15 15 7 4 7 15 11 3 11 13 2 12 15 15 14 15 7 15 5 8
6 8 16 8 3 4 5 16 9 13 10 15 8 11 10 9 2 9 3 4 3 6 9 3 8 11 9 13 4 13 3 11 10 12 16 3 14 13 10 4
